hasmhhl_jxtem.txt
ncols         484
nrows         614
xllcorner     -221500
yllcorner     -316500
cellsize      1000
NODATA_value  -9999
[rows 240 to 269 of 614, columns 268 to 334 of 484]
18.54293 18.53185 18.52981 18.53258 18.53689 18.54724 18.56034 18.56969 18.57082 18.57166 18.57933 18.59065 18.60017 18.60732 18.60762 18.61028 18.61208 18.62645 18.63634 18.63836 18.63929 18.64026 18.65555 18.67125 18.67619 18.6801 18.68525 18.69506 18.70555 18.7119 18.72695 18.74732 18.7654 18.77476 18.78336 18.79554 18.811 18.82121 18.77948 18.68502 18.60092 18.5963 18.58523 18.56923 18.57852 18.61149 18.62374 18.58628 18.5392 18.47559 18.37247 18.22314 18.05286 17.92003 17.95058 17.97085 17.81917 17.66218 17.60979 17.56696 17.60576 17.65487 17.78267 17.98112 18.07612 18.08626 18.05199
18.52816 18.52127 18.52494 18.53306 18.54103 18.55029 18.56252 18.57285 18.57279 18.57419 18.57884 18.58669 18.59607 18.60667 18.61331 18.61062 18.60564 18.61961 18.63756 18.64858 18.65121 18.65124 18.65569 18.66792 18.68247 18.69096 18.69414 18.69927 18.70585 18.7144 18.72942 18.74652 18.75958 18.7656 18.77302 18.77933 18.78726 18.79607 18.77804 18.68805 18.59263 18.55524 18.54362 18.55417 18.59765 18.63911 18.64944 18.54085 18.43126 18.35739 18.27181 18.12499 17.95245 17.80591 17.74925 17.71052 17.61707 17.48857 17.53893 17.61659 17.69985 17.82614 17.96895 18.09387 18.06083 18.01519 18.00298
18.51748 18.51639 18.52279 18.53247 18.54164 18.55151 18.56507 18.57637 18.57339 18.57635 18.57915 18.58389 18.5932 18.60446 18.61738 18.61005 18.59964 18.61525 18.63765 18.6547 18.66075 18.66588 18.66595 18.66038 18.68257 18.69858 18.70256 18.70375 18.70658 18.7189 18.73141 18.7427 18.7515 18.75638 18.76261 18.76338 18.75754 18.76537 18.75328 18.66628 18.56689 18.52105 18.53199 18.57327 18.62379 18.66277 18.64912 18.50819 18.34309 18.24731 18.17809 18.06093 17.91423 17.75407 17.606 17.44799 17.40189 17.39485 17.52749 17.60369 17.72451 17.88758 18.02531 18.03685 18.02586 18.01015 18.00203
18.51109 18.51508 18.52209 18.5297 18.53895 18.55362 18.56883 18.57693 18.57324 18.57818 18.58262 18.58498 18.5938 18.60629 18.6201 18.61116 18.60593 18.61672 18.63824 18.65469 18.66366 18.6721 18.67624 18.67506 18.68137 18.69657 18.70785 18.70803 18.71282 18.72057 18.72998 18.73509 18.74088 18.74697 18.75051 18.75243 18.74618 18.73195 18.68853 18.59728 18.52263 18.52271 18.55739 18.60695 18.64093 18.6389 18.60519 18.4763 18.31672 18.18382 18.11023 18.04567 17.93223 17.76352 17.57816 17.34655 17.18208 17.32975 17.57819 17.66765 17.7829 17.94699 18.05399 18.06144 18.07742 18.07285 18.05477
18.51169 18.51729 18.52307 18.52838 18.54288 18.56065 18.5743 18.5798 18.57935 18.58316 18.58829 18.59018 18.59827 18.61061 18.617 18.61407 18.61151 18.61831 18.63445 18.64914 18.65968 18.67202 18.67556 18.67908 18.67869 18.68764 18.69997 18.70967 18.71417 18.71414 18.71643 18.72105 18.72793 18.73392 18.73787 18.7451 18.75639 18.70239 18.6167 18.53528 18.50983 18.53277 18.59111 18.63332 18.63186 18.5865 18.51754 18.42995 18.32404 18.18636 18.06897 18.01443 17.96206 17.81994 17.67034 17.53066 17.45224 17.40517 17.5139 17.69842 17.89162 18.05325 18.13133 18.13901 18.16298 18.12113 18.03645
18.51509 18.52272 18.52968 18.53892 18.55339 18.56899 18.57943 18.58522 18.58783 18.59111 18.59535 18.59789 18.60389 18.61189 18.61707 18.60998 18.59953 18.60853 18.62277 18.63797 18.65322 18.66867 18.66792 18.66946 18.67078 18.67537 18.68754 18.70156 18.70976 18.70827 18.70427 18.71009 18.71696 18.72343 18.73164 18.74398 18.76113 18.67461 18.5726 18.5404 18.53756 18.54896 18.60577 18.64615 18.64633 18.56071 18.45288 18.3814 18.33582 18.22136 18.08354 17.99734 17.98228 17.91765 17.85987 17.79941 17.73723 17.59773 17.3068 17.71132 17.98188 18.16056 18.20994 18.20071 18.23859 18.13224 18.03719
18.51837 18.52806 18.53943 18.55119 18.56403 18.57401 18.58239 18.58939 18.59392 18.59644 18.59892 18.60406 18.60709 18.61157 18.612 18.60678 18.59786 18.59637 18.61276 18.63147 18.65137 18.668 18.66415 18.66487 18.66477 18.66797 18.67846 18.69139 18.70146 18.70717 18.70691 18.70709 18.7122 18.72085 18.73465 18.75301 18.73071 18.66142 18.59313 18.58031 18.58 18.57986 18.61645 18.65214 18.65685 18.57161 18.46847 18.41171 18.37822 18.28601 18.15503 18.04754 18.02893 18.04291 18.03872 18.00278 17.92805 17.7446 17.67489 17.76713 18.01538 18.22143 18.26326 18.25362 18.25078 18.15657 18.08312
18.52624 18.53537 18.54624 18.55539 18.56269 18.57041 18.58034 18.59027 18.59606 18.59681 18.59811 18.60386 18.60717 18.60448 18.5998 18.59748 18.5974 18.59727 18.61047 18.62969 18.64996 18.66265 18.66767 18.66426 18.66377 18.6693 18.67728 18.68558 18.69348 18.70166 18.7095 18.70864 18.71308 18.72268 18.73925 18.75047 18.70477 18.64644 18.61453 18.60401 18.59673 18.59912 18.61412 18.64446 18.66159 18.60654 18.53532 18.47857 18.43226 18.36801 18.2718 18.17779 18.13099 18.15207 18.16002 18.05456 17.88948 17.76761 17.73184 17.8454 18.05313 18.22497 18.25595 18.26524 18.24995 18.21313 18.18681
18.53628 18.54256 18.54648 18.55243 18.5586 18.56705 18.5771 18.58922 18.59768 18.5999 18.59912 18.60106 18.60295 18.60108 18.59419 18.59735 18.59775 18.60049 18.61487 18.6326 18.64627 18.65915 18.67397 18.67478 18.67186 18.67249 18.67809 18.68499 18.69028 18.69509 18.70111 18.70568 18.71151 18.72043 18.73162 18.74447 18.68863 18.6248 18.60221 18.59498 18.58088 18.57726 18.59447 18.62416 18.65265 18.62376 18.5879 18.54126 18.49489 18.45271 18.39126 18.32096 18.27606 18.25866 18.22732 18.06455 17.84899 17.72592 17.71669 17.86597 18.05608 18.19299 18.24168 18.26677 18.28023 18.2822 18.27735
18.54138 18.54738 18.54795 18.55456 18.55599 18.56554 18.57732 18.58594 18.59318 18.59978 18.60221 18.59901 18.60045 18.59126 18.58885 18.59214 18.59386 18.60188 18.61799 18.63556 18.64663 18.65705 18.67328 18.68649 18.68508 18.68138 18.6855 18.69109 18.69337 18.69288 18.6938 18.70039 18.70653 18.71195 18.72003 18.73519 18.68015 18.61366 18.58909 18.58117 18.57079 18.56645 18.58769 18.61014 18.62928 18.61368 18.5874 18.57533 18.55218 18.51396 18.46901 18.42902 18.39825 18.35436 18.26304 18.10532 17.92172 17.77837 17.76493 17.8706 18.0373 18.16606 18.22393 18.26271 18.29129 18.30528 18.29698
18.54463 18.55104 18.55457 18.55492 18.55653 18.56225 18.57867 18.58121 18.58498 18.59532 18.5997 18.60017 18.59672 18.59062 18.58547 18.58877 18.59238 18.59989 18.6142 18.63194 18.64729 18.6537 18.66458 18.67789 18.69046 18.69498 18.69809 18.69909 18.69683 18.69249 18.69291 18.69661 18.70237 18.7064 18.7118 18.71738 18.67553 18.62305 18.59971 18.59516 18.59246 18.59423 18.60633 18.61398 18.62626 18.61229 18.60361 18.58924 18.55567 18.52025 18.49571 18.48349 18.44922 18.38844 18.29714 18.1909 18.0531 17.91025 17.84313 17.90599 18.03678 18.15718 18.21811 18.25637 18.28461 18.28809 18.24476
18.54478 18.55398 18.55759 18.56303 18.56327 18.55918 18.56736 18.57058 18.57918 18.59091 18.59674 18.59459 18.59235 18.58788 18.58583 18.58525 18.59058 18.59916 18.61203 18.62865 18.64398 18.64063 18.65198 18.66798 18.69087 18.70628 18.7088 18.70289 18.69566 18.69318 18.69388 18.69894 18.70561 18.70672 18.70725 18.70273 18.67517 18.65 18.63821 18.62936 18.63559 18.62448 18.60949 18.62717 18.63406 18.63029 18.61909 18.5842 18.53023 18.48416 18.47371 18.47887 18.4476 18.38894 18.32247 18.23751 18.12315 18.01325 17.94528 17.97607 18.05575 18.15806 18.21936 18.24211 18.25779 18.23725 18.13431
18.5434 18.55163 18.5567 18.56416 18.57325 18.56139 18.56006 18.56773 18.57907 18.5798 18.58567 18.58882 18.59972 18.59141 18.58853 18.58656 18.59154 18.60171 18.6146 18.62759 18.63512 18.62038 18.62693 18.6528 18.69089 18.71009 18.70807 18.7021 18.69599 18.69507 18.69457 18.69753 18.70476 18.70329 18.70437 18.70364 18.69492 18.68569 18.68044 18.66839 18.6566 18.63866 18.63087 18.63328 18.64264 18.6473 18.61183 18.56208 18.50963 18.46019 18.44135 18.42808 18.40553 18.3767 18.31846 18.21087 18.10792 18.06057 18.04275 18.06301 18.10122 18.1594 18.18969 18.19958 18.21191 18.15865 18.02532
18.54388 18.55087 18.55965 18.56748 18.57885 18.56966 18.56019 18.56399 18.57319 18.56908 18.57497 18.58404 18.58957 18.59157 18.59085 18.58958 18.59511 18.60603 18.61996 18.63142 18.6439 18.62211 18.60896 18.63608 18.67225 18.6962 18.70138 18.69963 18.69774 18.70469 18.70213 18.70098 18.69186 18.69696 18.70098 18.70387 18.70807 18.70628 18.70012 18.68132 18.66426 18.64653 18.64154 18.63885 18.64197 18.61025 18.57388 18.54045 18.51516 18.47243 18.42016 18.36967 18.34765 18.33097 18.26056 18.15205 18.06112 18.06429 18.09282 18.11285 18.18876 18.13637 18.12239 18.14698 18.15931 18.07679 17.95067
18.55176 18.55349 18.56039 18.56806 18.57488 18.57883 18.56299 18.55653 18.5503 18.55624 18.57032 18.58366 18.58835 18.59113 18.59398 18.59718 18.60366 18.61354 18.62536 18.63649 18.6497 18.63185 18.62105 18.62105 18.64796 18.67653 18.69752 18.69845 18.70374 18.71774 18.73225 18.71478 18.69628 18.67798 18.67986 18.69268 18.70432 18.71294 18.7137 18.69609 18.67246 18.6562 18.6533 18.64468 18.63609 18.57739 18.51254 18.51226 18.51665 18.48321 18.40848 18.3255 18.28697 18.23633 18.14567 18.05159 17.98216 18.01428 18.06581 18.08303 18.05337 18.04055 18.0566 18.10814 18.08721 18.01901 17.94554
18.56007 18.56076 18.56149 18.56491 18.56738 18.57582 18.55581 18.52582 18.51536 18.5291 18.55674 18.58335 18.59068 18.59326 18.59521 18.60316 18.61235 18.61919 18.62754 18.63792 18.65008 18.64893 18.64006 18.63899 18.64576 18.66446 18.69027 18.70115 18.70649 18.70951 18.69228 18.68057 18.66315 18.64833 18.65993 18.68613 18.71014 18.72179 18.72308 18.71056 18.6822 18.65586 18.65547 18.65029 18.6208 18.56163 18.49031 18.46557 18.4801 18.47997 18.39526 18.29152 18.20432 18.11498 18.00955 17.92088 17.88746 17.92706 17.98269 17.97182 17.93835 17.95234 18.02171 18.0692 18.02746 17.98011 17.95985
18.56265 18.56658 18.56689 18.56511 18.56284 18.55489 18.51672 18.48002 18.46872 18.49912 18.5484 18.58937 18.59484 18.5944 18.59457 18.60278 18.61027 18.59836 18.59132 18.60291 18.62711 18.64524 18.63875 18.65275 18.65812 18.66913 18.68799 18.69284 18.67817 18.65205 18.63066 18.62926 18.6209 18.61869 18.64578 18.6841 18.716 18.72581 18.72731 18.71382 18.68465 18.66185 18.65557 18.65137 18.60768 18.54655 18.47832 18.43538 18.44538 18.4725 18.38565 18.27014 18.14412 18.02337 17.91403 17.8131 17.7974 17.83677 17.85878 17.85027 17.89004 17.97392 18.02945 18.04398 18.00919 17.97598 17.97663
18.55214 18.5642 18.56885 18.56682 18.56912 18.54061 18.4866 18.43703 18.43855 18.47792 18.52619 18.56165 18.55964 18.56084 18.57328 18.58435 18.59474 18.58697 18.56413 18.57214 18.60063 18.62868 18.6425 18.66287 18.66233 18.67713 18.689 18.66593 18.61983 18.57637 18.55636 18.56904 18.5789 18.5913 18.6365 18.68279 18.70148 18.69949 18.68707 18.67069 18.66279 18.65684 18.65012 18.63903 18.59657 18.53479 18.4752 18.43987 18.42177 18.49107 18.38317 18.28233 18.14931 17.99913 17.87106 17.76307 17.72012 17.75879 17.76525 17.75666 17.88066 18.01023 18.03967 18.01596 17.99206 17.98228 18.44733
18.53976 18.55279 18.56409 18.55841 18.55051 18.52207 18.49117 18.4619 18.44416 18.44643 18.4815 18.51194 18.51848 18.52771 18.55744 18.57913 18.58443 18.59405 18.57854 18.56923 18.6007 18.64323 18.64927 18.65397 18.65358 18.66376 18.67229 18.62364 18.55975 18.51745 18.51504 18.5226 18.54091 18.57961 18.63652 18.67651 18.6783 18.65177 18.62235 18.60387 18.61473 18.64068 18.61726 18.59046 18.56737 18.53624 18.50198 18.46953 18.45041 18.4626 18.40762 18.33138 18.18356 17.97957 17.80548 17.72462 17.71084 17.70938 17.69176 17.69502 17.85679 18.01016 18.0139 17.99274 17.96648 17.97169 17.97122
18.52889 18.53638 18.54409 18.54952 18.54455 18.52804 18.50865 18.48907 18.46351 18.43295 18.42837 18.4521 18.48547 18.52487 18.55772 18.57794 18.59686 18.61565 18.6232 18.62092 18.62998 18.64987 18.64898 18.63739 18.63446 18.62732 18.61228 18.57372 18.52872 18.52316 18.51659 18.5128 18.53015 18.58595 18.64004 18.65877 18.66237 18.62398 18.5764 18.57377 18.55491 18.56903 18.55703 18.50964 18.49836 18.52267 18.49298 18.46775 18.44657 18.43291 18.39634 18.33334 18.17502 17.95005 17.75216 17.70012 17.69222 17.67442 17.65368 17.69501 17.83817 17.97392 17.99125 17.97688 17.95448 17.97356 17.959
18.52425 18.5222 18.5245 18.53109 18.53579 18.51681 18.50442 18.47241 18.41466 18.37233 18.36349 18.40673 18.4807 18.54101 18.57684 18.59951 18.62085 18.64052 18.66195 18.67733 18.66922 18.64797 18.62144 18.60159 18.61087 18.58892 18.55784 18.54262 18.51968 18.52085 18.52187 18.51834 18.5543 18.6071 18.6373 18.63349 18.63414 18.61655 18.56766 18.53414 18.49843 18.46657 18.44401 18.40175 18.41482 18.46091 18.42593 18.3866 18.378 18.3993 18.37689 18.2804 18.12436 17.93414 17.76104 17.64949 17.64154 17.6439 17.64962 17.75656 17.86906 17.94935 17.96156 17.94667 17.90657 17.90101 17.90751
18.50317 18.50111 18.50392 18.50329 18.51213 18.45797 18.41289 18.3724 18.3341 18.30379 18.3125 18.39016 18.48719 18.55313 18.59311 18.61663 18.63906 18.65797 18.67531 18.68789 18.705 18.66037 18.61918 18.62433 18.61975 18.57849 18.55403 18.55209 18.54527 18.54053 18.52866 18.54592 18.58818 18.63515 18.63732 18.60774 18.55866 18.51804 18.48844 18.44995 18.38419 18.32613 18.29829 18.28715 18.33739 18.38171 18.35639 18.29318 18.281 18.31272 18.33014 18.23821 18.09694 17.94179 17.79662 17.67872 17.60182 17.64333 17.69323 17.80864 17.91424 17.95414 17.96056 17.8807 17.80904 17.78789 17.82715
18.46687 18.48585 18.49245 18.49858 18.51529 18.42948 18.33215 18.27235 18.26198 18.26258 18.28714 18.37626 18.47283 18.53149 18.57868 18.62385 18.64956 18.66469 18.67636 18.69707 18.71925 18.68809 18.67163 18.66339 18.65764 18.61333 18.57274 18.58354 18.58576 18.57127 18.57071 18.59665 18.62897 18.65138 18.63735 18.57173 18.45787 18.36867 18.36069 18.35147 18.26341 18.18979 18.17161 18.19543 18.26308 18.31471 18.30968 18.22853 18.18928 18.19921 18.22965 18.20474 18.07582 17.93952 17.83041 17.74328 17.67984 17.66191 17.72019 17.82409 17.92746 17.97633 17.98461 17.86152 17.75299 17.78717 17.7299
18.43653 18.47425 18.50059 18.50104 18.49025 18.41772 18.33778 18.30478 18.29242 18.27704 18.28454 18.35509 18.43703 18.50075 18.55788 18.61378 18.65246 18.6712 18.68609 18.70306 18.7226 18.73456 18.73396 18.71809 18.70199 18.66486 18.63002 18.63417 18.64051 18.62515 18.62967 18.65094 18.67118 18.66583 18.59131 18.47279 18.34594 18.24033 18.2307 18.22683 18.17613 18.13277 18.12638 18.13073 18.18853 18.26345 18.30336 18.19978 18.09512 18.09932 18.12437 18.11772 18.02649 17.9273 17.87395 17.82977 17.78878 17.75889 17.77747 17.86204 17.957 18.01164 18.00528 17.90691 17.80509 17.69267 17.61146
18.41967 18.44715 18.46095 18.46688 18.45829 18.4142 18.36225 18.32848 18.30224 18.28979 18.2985 18.35596 18.4288 18.49144 18.54019 18.59355 18.64557 18.68176 18.696 18.71168 18.71517 18.72138 18.73203 18.74826 18.73182 18.70603 18.68917 18.69228 18.69759 18.68837 18.68614 18.67099 18.68395 18.62682 18.52698 18.38446 18.25989 18.1946 18.14203 18.12785 18.127 18.13726 18.13003 18.13218 18.14078 18.22318 18.27335 18.17242 18.02998 17.99798 18.00579 18.00296 17.97327 17.92976 17.88882 17.85586 17.86955 17.88208 17.9159 17.97014 18.02782 18.05798 18.06579 18.00662 17.88283 17.67334 17.48368
18.41703 18.42558 18.42556 18.43057 18.40861 18.36153 18.32475 18.30645 18.28421 18.28424 18.33438 18.39596 18.44195 18.49405 18.53043 18.56717 18.6331 18.6876 18.6845 18.6942 18.71056 18.72274 18.73219 18.74568 18.74832 18.73808 18.73779 18.73853 18.73747 18.73119 18.70898 18.6563 18.61319 18.56139 18.49125 18.40442 18.33477 18.2554 18.16134 18.10599 18.11598 18.16837 18.18266 18.16043 18.14037 18.18336 18.19004 18.10771 17.96637 17.87557 17.85809 17.86336 17.8926 17.92086 17.86534 17.86383 17.93244 18.01112 18.06531 18.09041 18.1077 18.09897 18.09089 18.05934 17.90753 17.6782 17.44976
18.44242 18.43553 18.42389 18.40568 18.36826 18.3432 18.30367 18.27103 18.27009 18.30893 18.37047 18.43935 18.51772 18.5125 18.52637 18.56987 18.62364 18.65199 18.65715 18.6715 18.70331 18.73077 18.73749 18.7419 18.75435 18.76118 18.76676 18.75721 18.74338 18.73139 18.69746 18.60627 18.52164 18.51462 18.5144 18.46266 18.39507 18.3141 18.23046 18.15504 18.12047 18.18851 18.24202 18.2287 18.174 18.15132 18.0751 17.99458 17.89209 17.77727 17.73796 17.72815 17.75665 17.78118 17.79673 17.86775 18.01133 18.12342 18.15118 18.16097 18.1318 18.11692 18.09386 18.07018 17.93625 17.72717 17.50163
18.46023 18.45576 18.45028 18.42581 18.39062 18.36384 18.31652 18.27585 18.26461 18.3095 18.37088 18.42678 18.64479 18.49988 18.52059 18.58974 18.60572 18.62157 18.62674 18.65491 18.69984 18.73797 18.74559 18.7479 18.75849 18.76897 18.77147 18.76593 18.75427 18.72374 18.66133 18.56685 18.48526 18.46674 18.44733 18.4125 18.37588 18.33326 18.30193 18.22636 18.17075 18.21839 18.30283 18.30544 18.25919 18.16984 18.02071 17.89221 17.85061 17.79068 17.70498 17.61301 17.5713 17.59858 17.7007 17.9162 18.10805 18.18909 18.16255 18.14534 18.12068 18.1196 18.08404 18.05487 17.98131 17.79151 17.58609
18.46854 18.47764 18.4822 18.45222 18.40551 18.37067 18.3277 18.27004 18.2581 18.27753 18.34354 18.45208 18.47088 18.43783 18.50594 18.60808 18.59444 18.60068 18.61356 18.6452 18.69418 18.73937 18.75531 18.75514 18.76347 18.77078 18.77082 18.76546 18.75417 18.71669 18.65547 18.57003 18.48359 18.42485 18.3992 18.35055 18.32593 18.3219 18.32054 18.29418 18.26599 18.30093 18.37663 18.37193 18.32981 18.23972 18.09356 17.97296 17.95338 17.88422 17.70621 17.52464 17.46321 17.49114 17.73773 18.01735 18.18893 18.19843 18.17566 18.13372 18.10728 18.05351 18.05055 18.012 17.96445 17.82745 17.667
18.46388 18.48358 18.48193 18.44191 18.38271 18.3474 18.30604 18.21056 18.16451 18.18783 18.27545 18.3137 18.32066 18.38588 18.48953 18.58609 18.62288 18.59518 18.60451 18.63064 18.68102 18.73352 18.76514 18.76268 18.76934 18.76735 18.76688 18.74469 18.72449 18.71354 18.67496 18.58545 18.48145 18.40697 18.43084 18.34392 18.29517 18.28419 18.30293 18.33218 18.36336 18.40238 18.44812 18.42202 18.37797 18.32369 18.20971 18.09734 18.05389 17.95616 17.72043 17.51161 17.48464 17.652 17.91297 18.16569 18.25537 18.21718 18.17085 18.14163 18.12992 18.08832 17.99382 17.91509 17.88509 17.8336 17.74232
