hasmhhl_jxtem.txt
ncols         484
nrows         614
xllcorner     -221500
yllcorner     -316500
cellsize      1000
NODATA_value  -9999
[rows 150 to 179 of 614, columns 134 to 200 of 484]
18.12039 18.1138 18.11904 18.13976 18.16889 18.1974 18.18877 18.17536 18.18923 18.23294 18.25896 18.24402 18.27857 18.27775 18.28688 18.28516 18.288 18.2871 18.28251 18.27237 18.27336 18.2733 18.27877 18.29902 18.31718 18.33685 18.36565 18.39219 18.41032 18.43033 18.45677 18.48151 18.49898 18.51352 18.52808 18.53601 18.5333 18.51165 18.48434 18.46492 18.45671 18.45007 18.44437 18.44482 18.44304 18.43954 18.43367 18.42531 18.41781 18.41262 18.40625 18.39523 18.3846 18.38657 18.42619 18.5382 18.51488 18.22684 17.78024 17.39494 17.29848 17.41407 17.58039 17.73593 17.93749 18.15512 18.32378
18.21137 18.17204 18.1018 18.10687 18.15561 18.16582 18.14088 18.10133 18.07502 18.10969 18.15778 18.14635 18.178 18.21101 18.2411 18.26115 18.27757 18.29148 18.29261 18.28559 18.28917 18.29522 18.30103 18.31415 18.32359 18.34841 18.37289 18.3939 18.41784 18.44005 18.46179 18.47838 18.49087 18.50411 18.51759 18.52658 18.52097 18.50116 18.47821 18.46362 18.45541 18.45241 18.45132 18.45119 18.44634 18.4425 18.43675 18.43597 18.43201 18.42928 18.4262 18.41739 18.40842 18.40733 18.43282 18.50743 18.4213 18.01132 17.63353 17.50886 17.56672 17.79821 18.03802 18.15379 18.27046 18.37187 18.4877
18.19655 18.14614 18.05205 17.98646 18.00199 18.04538 18.07073 18.02995 17.98013 17.94435 17.95711 17.99245 18.03617 18.09768 18.14299 18.187 18.24644 18.29688 18.30391 18.30727 18.30537 18.31409 18.32152 18.35064 18.35756 18.36095 18.37146 18.3876 18.41239 18.43756 18.4515 18.46377 18.47893 18.49075 18.50283 18.51186 18.50551 18.49028 18.47342 18.46086 18.45361 18.4545 18.45881 18.45674 18.44921 18.44412 18.43858 18.44027 18.4433 18.44331 18.44032 18.43434 18.43467 18.44353 18.45395 18.45604 18.25421 17.85342 17.56255 17.64939 17.91224 18.12662 18.22189 18.36357 18.49087 18.51843 18.57472
18.1173 18.07312 17.98273 17.85373 17.78823 17.84335 17.89518 17.91374 17.91389 17.77646 17.71082 17.77448 17.81777 17.88604 17.98028 18.09256 18.18068 18.24534 18.28455 18.30043 18.30994 18.34052 18.43608 18.39009 18.35466 18.33906 18.34554 18.36304 18.38939 18.41369 18.43536 18.46038 18.47694 18.4851 18.49611 18.49917 18.49728 18.48388 18.47008 18.45521 18.45841 18.46373 18.46642 18.46302 18.45343 18.44644 18.44361 18.44306 18.44716 18.44718 18.44177 18.43946 18.45084 18.47991 18.51011 18.39186 18.14907 17.84978 17.68397 17.85249 18.18112 18.38815 18.36616 18.42655 18.50987 18.57574 18.62077
18.03139 17.9771 17.9126 17.75686 17.5998 17.65185 17.69294 17.79256 17.77411 17.60629 17.50797 17.58318 17.58325 17.61828 17.75385 17.91189 17.97206 18.03287 18.11355 18.1417 18.16442 18.19865 18.15064 18.14166 18.14992 18.20185 18.29918 18.34215 18.37191 18.4039 18.43565 18.46178 18.47538 18.486 18.49358 18.49614 18.48974 18.4692 18.45058 18.44757 18.46666 18.47396 18.47327 18.46765 18.45877 18.45362 18.45039 18.44792 18.44345 18.43853 18.43829 18.44809 18.47185 18.50565 18.49288 18.34725 18.18357 18.00246 17.95632 18.06936 18.3142 18.50096 18.48297 18.49442 18.54529 18.59999 18.63929
17.96643 17.89787 17.81404 17.72194 17.61754 17.56667 17.57685 17.64762 17.53702 17.31268 17.2398 17.34482 17.37704 17.30731 17.42776 17.60737 17.67728 17.75597 17.84038 17.83718 17.84447 17.87362 17.82714 17.81406 17.89759 18.07834 18.29444 18.36035 18.39129 18.41245 18.42942 18.44989 18.46876 18.48392 18.48309 18.4701 18.45876 18.44496 18.42619 18.44089 18.46251 18.47482 18.48041 18.4757 18.46644 18.45615 18.44855 18.43879 18.43196 18.42674 18.43204 18.45798 18.4976 18.50657 18.38648 18.28912 18.28432 18.24437 18.2525 18.27027 18.36778 18.49035 18.55137 18.56664 18.59207 18.62066 18.63901
17.91819 17.84681 17.75834 17.71276 17.62401 17.5711 17.51464 17.4733 17.29984 17.13815 17.09427 17.12961 17.08221 16.98672 17.11355 17.34178 17.48078 17.60169 17.63598 17.60729 17.57707 17.64061 17.66872 17.61384 17.80435 18.07071 18.31093 18.39675 18.42317 18.42824 18.43036 18.44519 18.46348 18.46896 18.45805 18.43984 18.42649 18.42669 18.42741 18.43435 18.45701 18.47605 18.48665 18.48529 18.47431 18.46002 18.45049 18.43754 18.42695 18.418 18.4222 18.46227 18.55424 18.48067 18.32128 18.24183 18.31428 18.41107 18.44993 18.42994 18.44939 18.51071 18.57557 18.59328 18.61397 18.63629 18.6497
17.88335 17.80932 17.70716 17.64974 17.651 17.62174 17.44903 17.2658 17.09276 17.14895 17.13213 17.00347 16.81204 16.83633 17.11075 17.4443 17.66412 17.78891 17.78762 17.6744 17.5852 17.64145 17.79344 17.84933 17.95064 18.14388 18.33138 18.41457 18.43324 18.43599 18.44699 18.45698 18.46268 18.45718 18.44068 18.42549 18.42438 18.42964 18.4392 18.45064 18.4628 18.47872 18.49042 18.49349 18.47738 18.45951 18.4499 18.44159 18.4318 18.42408 18.42943 18.46155 18.58559 18.45114 18.30263 18.26859 18.34936 18.467 18.49785 18.51802 18.5331 18.55605 18.5922 18.61156 18.62941 18.64821 18.66648
17.78188 17.80726 17.73288 17.56212 17.45012 17.34893 17.22603 17.18295 17.23897 17.39319 17.44667 17.27478 17.05635 17.00307 17.19419 17.48486 17.82507 18.05132 17.99478 17.85762 17.83107 17.90272 18.02338 18.141 18.21725 18.29461 18.38275 18.41957 18.43127 18.44277 18.4584 18.46339 18.45877 18.44924 18.44349 18.43687 18.43287 18.43595 18.44967 18.4641 18.47745 18.48825 18.49362 18.48283 18.46466 18.44912 18.44494 18.4441 18.43888 18.43373 18.44789 18.48446 18.51953 18.46308 18.38961 18.38768 18.4342 18.50495 18.53411 18.55344 18.56465 18.58186 18.60609 18.62292 18.63948 18.65764 18.67787
17.74604 17.78241 17.74328 17.5107 17.28558 17.15551 16.9554 17.14262 17.42926 17.67631 17.78605 17.69221 17.47159 17.20944 17.22744 17.38555 17.79779 18.15522 18.09842 18.10869 18.1732 18.23016 18.24123 18.3222 18.37891 18.39997 18.41626 18.43155 18.44583 18.45226 18.45649 18.45249 18.44856 18.44643 18.45213 18.45115 18.4482 18.44989 18.45924 18.47279 18.48395 18.48754 18.48683 18.47192 18.45426 18.44404 18.45009 18.45179 18.4491 18.44834 18.46306 18.48734 18.49962 18.49622 18.49376 18.51011 18.52416 18.54852 18.56314 18.57783 18.58803 18.60027 18.61738 18.63092 18.64673 18.66695 18.68487
17.73062 17.65466 17.54621 17.40505 17.29857 17.28942 17.30529 17.39078 17.63669 17.84953 17.76489 17.51772 17.29449 17.23142 17.25804 17.41392 17.7593 17.984 18.12575 18.32438 18.41863 18.42485 18.37471 18.36533 18.40015 18.42383 18.43803 18.44928 18.46109 18.45926 18.45554 18.44729 18.43833 18.44383 18.45324 18.45617 18.45879 18.46388 18.47183 18.48131 18.48572 18.48825 18.48525 18.4717 18.46151 18.46253 18.46729 18.46861 18.46218 18.46727 18.48006 18.49116 18.49776 18.5047 18.51729 18.54808 18.56756 18.57608 18.58637 18.60086 18.61228 18.61788 18.63099 18.64512 18.65793 18.67685 18.69322
17.58005 17.4465 17.31272 17.31569 17.40575 17.56613 17.68159 17.74687 17.86312 17.98038 17.83835 17.54839 17.3271 17.24228 17.29281 17.456 17.66587 17.78421 18.0086 18.24809 18.39707 18.38543 18.39438 18.39614 18.41606 18.43872 18.45684 18.46646 18.46273 18.45936 18.45506 18.43829 18.4449 18.45312 18.47066 18.47919 18.48117 18.48243 18.48456 18.48993 18.49432 18.49488 18.49088 18.48523 18.48404 18.48794 18.49191 18.48846 18.4845 18.48871 18.49592 18.50156 18.51039 18.52161 18.5424 18.5668 18.58532 18.5924 18.60133 18.61611 18.62681 18.62532 18.64353 18.66125 18.67002 18.68561 18.70119
17.45487 17.34272 17.22638 17.38792 17.59749 17.80635 17.9222 17.98408 17.99971 18.02905 17.92633 17.81656 17.71022 17.5818 17.46947 17.37045 17.21778 17.70319 18.0393 18.25034 18.37839 18.3845 18.3924 18.41252 18.43681 18.45835 18.46049 18.45639 18.45032 18.4444 18.43176 18.43743 18.44965 18.48102 18.50067 18.50646 18.50643 18.50427 18.50318 18.50466 18.50643 18.50573 18.50264 18.50075 18.50686 18.51226 18.51422 18.50998 18.5051 18.51033 18.51442 18.52006 18.53195 18.54558 18.5664 18.58617 18.59505 18.60256 18.61228 18.62609 18.62738 18.62248 18.6528 18.67279 18.6782 18.69126 18.70699
17.54114 17.45148 17.41301 17.55608 17.74422 17.89692 18.01942 18.05827 18.08672 18.11851 18.12691 18.13407 18.13836 17.94357 17.73077 17.67573 17.85743 18.00014 18.17064 18.27115 18.35359 18.3861 18.4002 18.42076 18.4315 18.43442 18.43841 18.43641 18.43607 18.42737 18.4162 18.42496 18.46722 18.5112 18.51835 18.52755 18.53263 18.52837 18.52485 18.52234 18.51989 18.51901 18.51409 18.51002 18.52174 18.53171 18.53249 18.52518 18.52164 18.52909 18.53566 18.54137 18.55067 18.56348 18.56985 18.58251 18.60328 18.61967 18.62938 18.63422 18.6354 18.63991 18.66228 18.68226 18.6872 18.69513 18.7097
17.70473 17.67902 17.70882 17.80148 17.89933 18.00602 18.11572 18.1546 18.18817 18.20904 18.22839 18.24569 18.24826 18.17766 18.09517 18.10487 18.2443 18.2979 18.25844 18.29361 18.3494 18.38182 18.40558 18.4146 18.41601 18.40326 18.40303 18.41387 18.44385 18.43243 18.4243 18.44866 18.48478 18.52397 18.5309 18.54385 18.55448 18.5507 18.54726 18.54306 18.53746 18.53495 18.52758 18.52428 18.53468 18.54293 18.54356 18.53668 18.5381 18.54866 18.55757 18.55599 18.55085 18.56104 18.57096 18.58796 18.61168 18.63373 18.64883 18.65536 18.65572 18.6615 18.67654 18.69438 18.69896 18.70247 18.71606
17.87139 17.88897 17.93079 17.99801 18.06537 18.13369 18.20012 18.22937 18.18248 18.22426 18.26034 18.28365 18.29243 18.31299 18.4126 18.46694 18.36156 18.29876 18.28257 18.32132 18.37759 18.40059 18.40578 18.40938 18.40969 18.39433 18.3818 18.42688 18.47361 18.4706 18.47349 18.4953 18.51718 18.54066 18.55032 18.56129 18.57157 18.56696 18.56957 18.56827 18.56369 18.559 18.54819 18.54 18.54468 18.55056 18.5495 18.54854 18.55656 18.56995 18.58115 18.57663 18.56933 18.57162 18.58331 18.59999 18.62103 18.64239 18.66099 18.67543 18.68023 18.68308 18.6921 18.70653 18.7109 18.71378 18.72587
17.99689 18.0348 18.07697 18.12473 18.17005 18.20921 18.24378 18.24971 18.27307 18.27703 18.29957 18.32713 18.34863 18.31995 18.31776 18.32379 18.33362 18.30877 18.31834 18.36757 18.41668 18.42472 18.40578 18.4182 18.42081 18.41058 18.41688 18.44643 18.48992 18.51353 18.52747 18.53598 18.54354 18.55725 18.57109 18.58249 18.58465 18.5822 18.59049 18.59449 18.59389 18.5877 18.57349 18.55936 18.55658 18.56429 18.56284 18.56544 18.57644 18.59059 18.60191 18.5946 18.58768 18.58834 18.59833 18.61218 18.62983 18.64758 18.66777 18.68759 18.69851 18.70047 18.70646 18.71722 18.72156 18.72328 18.73355
18.0542 18.10209 18.16472 18.16153 18.19158 18.24173 18.25332 18.27496 18.30562 18.3275 18.33891 18.3414 18.32387 18.30174 18.2889 18.28841 18.28938 18.31716 18.36999 18.42091 18.4501 18.44213 18.43333 18.44133 18.44502 18.44487 18.4557 18.4717 18.49695 18.52128 18.54437 18.54857 18.55535 18.56919 18.58761 18.59994 18.59658 18.59883 18.60719 18.61649 18.6203 18.614 18.59888 18.58399 18.58049 18.58726 18.58869 18.59253 18.60223 18.61091 18.61056 18.60134 18.59502 18.59604 18.60555 18.61967 18.634 18.64954 18.6695 18.691 18.70758 18.71151 18.71805 18.72722 18.73025 18.73126 18.73723
17.99979 18.06269 18.1056 18.15757 18.19607 18.24117 18.28297 18.29458 18.3204 18.35294 18.36087 18.34111 18.29981 18.28125 18.28029 18.29552 18.30938 18.33002 18.38663 18.43337 18.46063 18.45588 18.4523 18.45899 18.46207 18.45503 18.4521 18.46333 18.48739 18.51617 18.54374 18.56572 18.57441 18.58634 18.60497 18.61453 18.6137 18.6158 18.62007 18.63195 18.63896 18.6369 18.62188 18.60859 18.60668 18.61356 18.61797 18.62223 18.62682 18.62699 18.62126 18.61567 18.60859 18.60295 18.61909 18.6309 18.63977 18.65253 18.66412 18.68089 18.698 18.70852 18.71991 18.735 18.74036 18.73987 18.74033
17.95329 18.03703 18.07857 18.11189 18.15261 18.21189 18.28498 18.29578 18.33685 18.3541 18.35509 18.34126 18.29612 18.24736 18.2879 18.3335 18.34354 18.34934 18.38539 18.43479 18.46498 18.45813 18.46564 18.46992 18.4722 18.46792 18.45557 18.46181 18.49035 18.52312 18.55598 18.58806 18.60101 18.61004 18.62603 18.63606 18.63428 18.63347 18.63688 18.64408 18.65446 18.65457 18.64329 18.63168 18.62837 18.63636 18.64325 18.64272 18.63962 18.63467 18.63522 18.63341 18.628 18.63265 18.64809 18.65542 18.6565 18.65788 18.66171 18.67632 18.69122 18.70021 18.72161 18.74352 18.75348 18.75098 18.74778
17.9925 18.0636 18.1067 18.11747 18.11244 18.17826 18.2581 18.31877 18.33832 18.36411 18.38711 18.37707 18.34086 18.32769 18.34042 18.3757 18.3899 18.39583 18.41646 18.44576 18.46657 18.47614 18.48753 18.50217 18.51143 18.50071 18.49989 18.50911 18.52788 18.55513 18.58321 18.61308 18.63125 18.63557 18.64633 18.66038 18.65819 18.65574 18.65918 18.65937 18.66717 18.67137 18.66619 18.6546 18.64848 18.65547 18.66098 18.65512 18.64621 18.64124 18.64666 18.65026 18.65146 18.66288 18.67666 18.68325 18.68464 18.68372 18.68681 18.69806 18.71216 18.71829 18.73081 18.75174 18.7648 18.7656 18.76167
18.02282 18.11216 18.13287 18.13667 18.15677 18.18612 18.24229 18.31704 18.36135 18.39281 18.42105 18.42369 18.40868 18.40422 18.40262 18.41657 18.43019 18.44044 18.45173 18.44776 18.46692 18.49691 18.51062 18.5343 18.55022 18.54891 18.55339 18.56772 18.58553 18.60616 18.62524 18.64587 18.6636 18.66523 18.66842 18.68278 18.68484 18.68142 18.68378 18.68229 18.68419 18.69118 18.68859 18.67579 18.66689 18.67236 18.67537 18.66813 18.65417 18.64734 18.65768 18.66788 18.67356 18.68357 18.69257 18.70351 18.71008 18.71275 18.71683 18.72513 18.73592 18.74233 18.75024 18.76147 18.77307 18.7789 18.77719
17.99237 18.09095 18.1601 18.18694 18.21598 18.23742 18.27197 18.33296 18.39115 18.42279 18.44528 18.45626 18.45934 18.45559 18.44157 18.44446 18.4537 18.45932 18.45408 18.44559 18.45495 18.49023 18.5226 18.55113 18.57795 18.58238 18.58628 18.60324 18.62788 18.65066 18.66611 18.68093 18.69496 18.6958 18.69328 18.70294 18.71085 18.70869 18.70489 18.70606 18.70456 18.7083 18.70707 18.69457 18.68441 18.68813 18.68926 18.68153 18.6668 18.66381 18.673 18.68428 18.68656 18.68883 18.69876 18.70943 18.71879 18.72672 18.73407 18.74147 18.74847 18.75616 18.76418 18.77098 18.7786 18.7854 18.78929
17.9965 18.07871 18.17749 18.24446 18.27976 18.29592 18.31983 18.35972 18.40897 18.44068 18.45079 18.46328 18.47329 18.46562 18.45988 18.46374 18.47519 18.46891 18.45546 18.44492 18.45727 18.48193 18.51638 18.55807 18.59361 18.60111 18.60533 18.61755 18.64076 18.66601 18.69039 18.70985 18.72106 18.72008 18.71329 18.7156 18.72831 18.73369 18.7301 18.73 18.72519 18.72318 18.72525 18.71438 18.70463 18.7056 18.70551 18.69479 18.68433 18.68352 18.68892 18.69604 18.69844 18.69875 18.69848 18.70467 18.7128 18.7191 18.72618 18.73738 18.74896 18.75838 18.76548 18.77477 18.7831 18.79068 18.79706
18.04367 18.10689 18.19666 18.27833 18.31911 18.34728 18.3604 18.37483 18.40366 18.43204 18.4529 18.45901 18.46222 18.43197 18.41159 18.43126 18.46534 18.47559 18.46575 18.4654 18.47158 18.49216 18.52928 18.56836 18.60303 18.62052 18.62325 18.62554 18.64384 18.66963 18.69829 18.72647 18.74446 18.74215 18.73168 18.7247 18.7349 18.74667 18.75184 18.75245 18.74675 18.74222 18.74212 18.73516 18.72847 18.72619 18.72239 18.70873 18.70193 18.7007 18.70197 18.70619 18.70993 18.70497 18.69994 18.70111 18.70526 18.71149 18.71897 18.72968 18.74168 18.75109 18.75798 18.7699 18.78446 18.79517 18.80235
18.09461 18.14711 18.21248 18.27482 18.32619 18.36517 18.38258 18.38864 18.39971 18.4241 18.43207 18.43543 18.43094 18.39951 18.36607 18.40915 18.44883 18.47491 18.47637 18.48356 18.48676 18.51159 18.55152 18.58644 18.61534 18.63708 18.63842 18.64294 18.65864 18.6827 18.70928 18.73851 18.76286 18.76603 18.75411 18.74417 18.74758 18.75328 18.75843 18.76162 18.76624 18.76217 18.756 18.75345 18.75024 18.74596 18.73753 18.72324 18.71561 18.71475 18.71247 18.70938 18.71029 18.70635 18.70564 18.70933 18.71278 18.71358 18.71738 18.72416 18.73249 18.74109 18.75089 18.76669 18.78129 18.79225 18.80145
18.15441 18.18678 18.22178 18.26471 18.3128 18.35491 18.38281 18.39194 18.40352 18.41904 18.42908 18.4195 18.40279 18.38528 18.3959 18.41192 18.43193 18.46577 18.48756 18.49335 18.49966 18.51855 18.55473 18.5972 18.63039 18.648 18.649 18.66164 18.68019 18.70571 18.73138 18.75416 18.7763 18.78738 18.77985 18.77369 18.77512 18.77538 18.76891 18.77402 18.78278 18.78086 18.77386 18.76918 18.76593 18.75997 18.75107 18.73963 18.72997 18.72496 18.71697 18.71149 18.70771 18.71282 18.72037 18.72437 18.72639 18.7269 18.72758 18.72797 18.72836 18.73619 18.75058 18.76539 18.77529 18.78555 18.79655
18.20954 18.22073 18.23239 18.26377 18.30145 18.34303 18.38074 18.38913 18.38551 18.40438 18.42383 18.41966 18.40608 18.41292 18.43555 18.45234 18.46307 18.47877 18.50492 18.51468 18.51705 18.52141 18.54982 18.59708 18.63937 18.65851 18.6619 18.67632 18.69824 18.7276 18.75649 18.77496 18.79028 18.807 18.80915 18.8063 18.80543 18.80396 18.79631 18.79603 18.79988 18.79806 18.79188 18.78478 18.77832 18.77057 18.7638 18.75703 18.74755 18.73794 18.72957 18.7238 18.71721 18.71533 18.7219 18.73648 18.74348 18.74439 18.74058 18.73618 18.736 18.74299 18.75368 18.76368 18.77115 18.78146 18.79527
18.23566 18.23884 18.24504 18.26559 18.29539 18.32686 18.34767 18.35827 18.36959 18.39827 18.42539 18.42631 18.41964 18.44727 18.47339 18.48887 18.49651 18.50802 18.5254 18.53721 18.53321 18.52574 18.55278 18.598 18.64401 18.66937 18.67462 18.68662 18.71192 18.73996 18.7697 18.79531 18.81016 18.82498 18.83594 18.83681 18.8343 18.83087 18.82507 18.82106 18.81744 18.81219 18.80537 18.79674 18.78764 18.77914 18.77438 18.77083 18.76138 18.75141 18.74554 18.73707 18.72467 18.71636 18.72368 18.74567 18.75944 18.76177 18.75578 18.74929 18.75 18.75718 18.76469 18.77159 18.77815 18.78706 18.80097
18.24393 18.23841 18.24472 18.25935 18.27891 18.2966 18.30658 18.32756 18.36044 18.40107 18.43111 18.43294 18.44265 18.4653 18.49438 18.51331 18.51394 18.52947 18.54572 18.5535 18.54619 18.54033 18.56774 18.60712 18.64931 18.68043 18.68504 18.69375 18.71849 18.74413 18.77302 18.80311 18.82761 18.84222 18.85315 18.85883 18.85555 18.84977 18.84591 18.83917 18.83127 18.8228 18.813 18.80052 18.78975 18.78316 18.77957 18.77464 18.7685 18.76453 18.75969 18.74414 18.7298 18.72118 18.72856 18.75012 18.76965 18.77596 18.77338 18.7673 18.7647 18.77009 18.7789 18.78689 18.79309 18.79957 18.81038
