hasmhhl_jxtem.txt
ncols         484
nrows         614
xllcorner     -221500
yllcorner     -316500
cellsize      1000
NODATA_value  -9999
[rows 360 to 389 of 614, columns 201 to 267 of 484]
18.42399 18.26754 18.18713 18.11428 18.0631 17.93961 17.71145 17.63003 17.90526 18.32176 18.59618 18.63998 18.57194 18.42997 18.29274 18.30626 18.3788 18.43474 18.41962 18.25425 18.06073 18.05536 18.28092 18.57323 18.66173 18.68476 18.70462 18.71261 18.70427 18.73202 18.7468 18.74703 18.74776 18.75637 18.74411 18.76824 18.84514 18.87939 18.82133 18.73771 18.6878 18.66191 18.63522 18.58404 18.63449 18.64299 18.61568 18.74572 18.86542 18.92713 18.90427 18.88218 18.91717 18.965 19.00549 19.0264 19.0226 19.02394 19.03457 19.05198 19.06391 19.06314 19.02124 18.98905 18.96632 18.88422 18.73246
18.4296 18.37582 18.29427 18.24772 18.16897 18.11814 17.98099 17.90528 18.02061 18.3129 18.57093 18.68109 18.64256 18.5455 18.49083 18.48464 18.50154 18.50966 18.5215 18.30217 18.07768 18.02495 18.32647 18.65389 18.58245 18.69278 18.69576 18.69923 18.7263 18.75877 18.78789 18.79672 18.81821 18.83699 18.82254 18.83741 18.87427 18.88557 18.86432 18.80337 18.73183 18.66929 18.64221 18.64564 18.64591 18.6706 18.71474 18.84337 18.93882 18.91397 18.86758 18.85729 18.89792 18.95282 18.99706 19.00377 19.01039 19.01229 19.03162 19.05523 19.06019 19.06327 19.05657 19.05633 19.05129 18.97504 18.85568
18.16398 18.13651 18.22195 18.14962 18.13108 18.15029 18.16111 18.12428 18.16185 18.37327 18.59322 18.70526 18.7001 18.65521 18.61391 18.56379 18.57027 18.57577 18.54779 18.37235 18.18495 18.26538 18.48622 18.70362 18.61852 18.64655 18.65892 18.67581 18.72315 18.79456 18.85102 18.84889 18.86741 18.89123 18.88335 18.8867 18.89891 18.91998 18.89402 18.81685 18.72508 18.666 18.63561 18.65295 18.70386 18.77499 18.85442 18.9315 18.99822 18.90482 18.81637 18.84278 18.87767 18.92439 18.98166 18.99209 19.01303 19.01988 19.03695 19.05318 19.05768 19.06235 19.05755 19.05117 19.05131 19.04824 18.91177
17.8469 17.86097 17.95537 17.93594 17.98362 18.15195 18.19203 18.24044 18.29416 18.46525 18.64033 18.72374 18.74213 18.71539 18.65453 18.61315 18.6189 18.61209 18.58899 18.47771 18.37188 18.54453 18.72696 18.81809 18.7062 18.63521 18.64171 18.66882 18.73773 18.82957 18.90567 18.89815 18.89858 18.90809 18.91969 18.93131 18.93258 18.93141 18.90182 18.82084 18.71456 18.65472 18.65203 18.73102 18.81953 18.90859 18.98231 19.02027 19.05398 18.94938 18.85801 18.86924 18.83048 18.87803 18.95568 19.00125 19.02874 19.03377 19.0545 19.06147 19.06055 19.05873 19.04991 19.03566 19.03837 19.08437 18.93829
17.71083 17.64824 17.68099 17.867 17.91563 18.08269 18.23505 18.30071 18.39348 18.51929 18.65884 18.74381 18.73735 18.74289 18.6969 18.66039 18.65516 18.65076 18.64482 18.58644 18.59058 18.7126 18.84626 18.84877 18.78884 18.7166 18.70239 18.74467 18.79944 18.85637 18.91818 18.93 18.9158 18.90733 18.90684 18.92604 18.94527 18.92199 18.89028 18.83226 18.74218 18.67843 18.7106 18.83157 18.94842 19.01514 19.05234 19.07046 19.09109 19.02499 18.9294 18.84221 18.80973 18.85842 18.91602 18.93814 18.97393 19.04203 19.08832 19.08293 19.07 19.05782 19.04354 19.03505 19.03865 19.09032 18.99544
17.82729 17.75407 17.84764 17.94099 17.95858 18.02817 18.22518 18.40592 18.44386 18.54903 18.66497 18.73159 18.73002 18.73739 18.72764 18.70057 18.69861 18.70572 18.71967 18.71944 18.74126 18.76762 18.83959 18.85969 18.82918 18.80711 18.81463 18.84169 18.8694 18.88888 18.90787 18.93058 18.92036 18.89577 18.9177 18.9443 18.94399 18.91785 18.88145 18.83986 18.77884 18.75858 18.79483 18.90566 19.02255 19.07292 19.08077 19.09437 19.10533 19.07728 18.99338 18.89227 18.82665 18.85051 18.85984 18.84423 18.84929 18.93762 19.04291 19.09762 19.06986 19.05251 19.0479 19.05082 19.0585 19.08079 19.06911
18.02125 18.00266 18.05356 18.03387 17.99304 18.06572 18.24743 18.42792 18.49829 18.59822 18.6917 18.72363 18.73314 18.74393 18.73902 18.73521 18.76028 18.78207 18.80128 18.81868 18.81884 18.82032 18.86332 18.86957 18.86413 18.88182 18.90882 18.89491 18.9018 18.90406 18.90831 18.9103 18.91387 18.91837 18.95235 18.95837 18.93572 18.911 18.88642 18.84759 18.815 18.80713 18.87037 18.95539 19.04351 19.09027 19.09803 19.10806 19.10009 19.07794 19.02342 18.93167 18.83433 18.79135 18.77907 18.77412 18.74011 18.82094 18.96113 19.08255 19.06421 19.04973 19.06504 19.07887 19.08669 19.08839 19.08871
18.22166 18.20644 18.16611 18.08338 18.04428 18.08393 18.2212 18.38703 18.51161 18.62631 18.72985 18.73972 18.73935 18.75724 18.76283 18.78204 18.81499 18.84203 18.85557 18.86267 18.86053 18.86567 18.88229 18.88185 18.88775 18.90924 18.90911 18.90636 18.90964 18.91716 18.91657 18.90679 18.91338 18.95937 18.99697 18.97474 18.93794 18.91652 18.90438 18.86523 18.82792 18.81535 18.85643 18.9354 19.01962 19.08813 19.10917 19.0944 19.06514 19.04056 19.00191 18.8834 18.76636 18.71022 18.7311 18.72225 18.69518 18.72686 18.86523 19.0171 19.04743 19.0565 19.08834 19.1104 19.11002 19.09842 19.07049
18.22163 18.21902 18.17708 18.11574 18.06222 18.065 18.16327 18.2786 18.41044 18.60293 18.73857 18.76062 18.76343 18.7705 18.79472 18.81979 18.84454 18.86508 18.86338 18.86246 18.86404 18.87114 18.88176 18.8962 18.88052 18.87292 18.87787 18.90904 18.92728 18.94115 18.93714 18.9352 18.94634 18.98435 19.01259 18.98774 18.95009 18.93026 18.93123 18.89823 18.84868 18.8117 18.8108 18.86267 18.94016 18.99582 19.00913 18.99072 18.97701 18.97365 18.9541 18.81437 18.67286 18.66398 18.6943 18.66447 18.67364 18.68112 18.80027 18.89702 18.96407 19.03484 19.11372 19.12526 19.11955 19.09795 19.08399
18.30251 18.25505 18.20363 18.1629 18.08516 18.0643 18.12717 18.15414 18.32592 18.57866 18.73398 18.77372 18.78217 18.78815 18.80534 18.83896 18.86096 18.86444 18.85838 18.86736 18.8653 18.86514 18.87982 18.88245 18.82864 18.78587 18.80559 18.87778 18.93294 18.93845 18.92887 18.91476 18.9515 18.98849 19.00076 18.98856 18.95681 18.9371 18.93965 18.92979 18.88134 18.8274 18.78982 18.7922 18.81518 18.80876 18.80693 18.80235 18.83889 18.90823 18.86924 18.74095 18.62038 18.61793 18.61929 18.62035 18.6385 18.70648 18.75534 18.76054 18.81297 18.95426 19.08954 19.12074 19.12455 19.11205 19.09008
18.32791 18.29479 18.26949 18.21277 18.13055 18.10366 18.22402 18.14607 18.32204 18.57147 18.74101 18.76659 18.78368 18.80036 18.81529 18.84445 18.85675 18.85707 18.8463 18.86105 18.86118 18.87048 18.86349 18.84662 18.77322 18.70208 18.73248 18.82495 18.91081 18.92261 18.92452 18.92805 18.95647 18.98048 18.98601 18.9781 18.95795 18.93984 18.94632 18.9376 18.90392 18.85837 18.80377 18.75871 18.7074 18.61428 18.57181 18.61572 18.71281 18.79642 18.74675 18.62789 18.54174 18.54551 18.56203 18.61508 18.6606 18.70478 18.67997 18.63439 18.67535 18.84856 19.02229 19.09925 19.13706 19.14006 19.12141
18.35793 18.33419 18.28839 18.20413 18.13376 18.15437 18.13352 18.21936 18.39551 18.59655 18.74272 18.76099 18.76599 18.7872 18.79173 18.83333 18.84826 18.84286 18.84169 18.85134 18.87309 18.88437 18.88048 18.80782 18.70543 18.61526 18.63299 18.74909 18.88277 18.92008 18.92633 18.95018 18.97223 18.9941 19.01557 19.01008 18.98139 18.95619 18.95189 18.93431 18.92136 18.89882 18.84722 18.76314 18.65802 18.51566 18.35263 18.49029 18.61281 18.62516 18.53703 18.41668 18.38475 18.47019 18.56887 18.65197 18.69003 18.66499 18.59213 18.57079 18.58309 18.75196 18.94979 19.08927 19.15675 19.16793 19.14607
18.39645 18.22809 18.10428 18.06203 18.07406 18.17219 18.19463 18.28084 18.49149 18.6513 18.7022 18.72993 18.74812 18.77549 18.81257 18.84901 18.85958 18.84425 18.83769 18.86196 18.89023 18.90853 18.89749 18.73664 18.55549 18.45482 18.50062 18.69266 18.85071 18.8988 18.94035 18.97852 18.99983 19.0156 19.03339 19.03818 19.01238 18.98291 18.95687 18.93267 18.93343 18.93807 18.90039 18.75475 18.54059 18.37988 18.31287 18.35766 18.41289 18.3643 18.25497 18.17892 18.27007 18.4398 18.57512 18.65684 18.62174 18.57987 18.57754 18.5382 18.55472 18.69763 18.90056 19.07919 19.17065 19.15981 19.14975
18.26922 17.99527 17.8323 17.87948 18.03174 18.2618 18.35244 18.43184 18.57307 18.68945 18.63823 18.69121 18.679 18.70531 18.77279 18.8307 18.84904 18.84098 18.85153 18.86558 18.88447 18.91977 18.81958 18.67092 18.46611 18.35417 18.46119 18.65995 18.76544 18.84234 18.95455 19.02608 19.02875 19.0325 19.0396 19.04599 19.03693 19.01062 18.97055 18.96221 18.95944 18.95273 18.88517 18.7331 18.47912 18.22969 18.23255 18.23802 18.21773 18.10781 18.01711 18.03627 18.217 18.43868 18.57615 18.56628 18.49168 18.49057 18.56817 18.63069 18.64855 18.73528 18.90049 19.02741 19.08873 19.10876 19.13334
18.07737 17.72986 17.6267 17.78612 18.09705 18.3683 18.49711 18.56834 18.59473 18.61468 18.60905 18.63848 18.61438 18.64893 18.69906 18.76703 18.81501 18.7821 18.77599 18.79236 18.8732 18.8267 18.73866 18.64825 18.51418 18.46267 18.52944 18.64691 18.69952 18.8234 18.97019 19.07421 19.02964 19.04729 19.05493 19.05714 19.05673 19.04645 19.03072 19.0143 18.98577 18.91438 18.85252 18.73573 18.52607 18.34313 18.22811 18.16151 18.11384 18.00706 17.97643 18.00024 18.22385 18.43976 18.52172 18.45319 18.40461 18.52147 18.67637 18.76507 18.76203 18.79582 18.93456 18.91488 18.9313 18.98394 19.06406
17.97666 17.56365 17.69918 17.91292 18.1892 18.43972 18.45734 18.46041 18.50503 18.6208 18.62556 18.64104 18.62597 18.63738 18.64935 18.71036 18.7656 18.70725 18.67841 18.71181 18.78032 18.75484 18.69286 18.62576 18.58948 18.58459 18.69631 18.77871 18.75324 18.84131 18.98291 19.02773 19.04415 19.05876 19.09027 19.10099 19.09867 19.09827 19.08572 19.03037 18.93546 18.84239 18.86682 18.83995 18.69553 18.50327 18.31724 18.26685 18.23898 18.09418 17.96105 18.05626 18.23631 18.3952 18.35987 18.33337 18.39818 18.60546 18.79228 18.76851 18.78468 18.79661 18.8294 18.78547 18.7767 18.86901 18.99074
18.06082 17.77805 17.83198 18.01611 18.15022 18.29758 18.31695 18.34449 18.50817 18.65851 18.70446 18.68667 18.64684 18.64091 18.65335 18.68416 18.70673 18.61549 18.5579 18.60411 18.62886 18.658 18.62877 18.57465 18.57004 18.71028 18.86295 18.89274 18.86112 18.898 18.97151 19.01784 19.03926 19.08387 19.12811 19.14713 19.14407 19.14445 19.08837 18.96948 18.85539 18.8474 18.88904 18.91087 18.83582 18.66319 18.49754 18.441 18.38276 18.20711 18.07133 18.09143 18.19158 18.17415 18.15524 18.23739 18.48733 18.71171 18.76208 18.76945 18.76927 18.75607 18.76279 18.73114 18.70038 18.82432 18.93875
18.07951 17.98666 17.88225 17.9369 17.94378 17.98031 18.10484 18.31157 18.51329 18.67536 18.80377 18.69827 18.61474 18.61193 18.64205 18.66866 18.60586 18.51479 18.42081 18.50298 18.5609 18.5769 18.56346 18.58371 18.68479 18.84343 18.95959 18.93542 18.9609 18.97346 19.02508 19.02821 19.06622 19.11633 19.15825 19.17269 19.15674 19.13349 19.00833 18.85862 18.8544 18.86063 18.91242 18.89718 18.85953 18.75624 18.65067 18.5997 18.47533 18.29416 18.12737 18.0452 17.98811 17.92422 17.97321 18.19244 18.50941 18.75822 18.74165 18.74665 18.72959 18.76606 18.76888 18.75981 18.761 18.83677 18.88552
18.05003 18.01596 17.96015 17.92262 17.79013 17.72932 17.98219 18.27626 18.48191 18.64962 18.84597 18.67692 18.57467 18.58247 18.60194 18.55696 18.46611 18.42541 18.41146 18.45508 18.47928 18.51129 18.55113 18.64412 18.81257 18.93684 18.94652 18.91858 18.95506 19.01722 19.04184 19.05516 19.0909 19.13449 19.16653 19.18921 19.13181 19.01007 18.85879 18.74869 18.84057 18.90958 18.86952 18.8969 18.84614 18.77368 18.71224 18.60318 18.43653 18.25082 18.11894 17.98624 17.82031 17.7442 17.86283 18.09376 18.36724 18.63164 18.68274 18.69633 18.68793 18.77041 18.7931 18.80968 18.82085 18.85 18.86688
18.05059 17.99756 17.93074 17.87919 17.8035 17.85847 18.03076 18.23509 18.47038 18.6714 18.77559 18.68204 18.60475 18.56864 18.53688 18.43591 18.3628 18.40112 18.46661 18.47701 18.46867 18.4289 18.46575 18.62364 18.7928 18.84957 18.8353 18.82798 18.97428 19.08593 19.08649 19.0806 19.09756 19.12728 19.15548 19.20296 19.0619 18.86021 18.72759 18.73684 18.80372 18.85035 18.88961 18.89523 18.87114 18.83267 18.75122 18.59031 18.39592 18.19577 18.03865 17.91275 17.73647 17.63108 17.68607 17.89949 18.22437 18.52482 18.52032 18.52005 18.58884 18.7521 18.87108 18.84845 18.85999 18.87913 18.88543
18.03637 17.97111 17.91378 17.84977 17.86013 18.03244 18.20588 18.33516 18.48776 18.65251 18.71433 18.67654 18.6285 18.5951 18.42506 18.26077 18.21386 18.29823 18.3772 18.43231 18.42718 18.3535 18.38057 18.52844 18.63824 18.66283 18.69718 18.82871 19.01186 19.14691 19.12868 19.1038 19.10029 19.12677 19.15853 19.17847 18.97822 18.77145 18.78665 18.7511 18.78861 18.80672 18.87411 18.91655 18.9308 18.89973 18.78414 18.58601 18.38571 18.23063 18.07049 17.89819 17.66569 17.48065 17.48046 17.75454 18.13681 18.34365 18.35597 18.33769 18.5366 18.76506 18.88776 18.88654 18.89611 18.88844 18.8745
18.14039 18.12096 18.00262 18.00408 18.00157 18.15486 18.31061 18.4376 18.49754 18.57786 18.67991 18.62772 18.56768 18.34207 18.09948 17.95275 17.98542 18.03026 18.17403 18.39092 18.26333 18.17026 18.24152 18.38025 18.42659 18.47893 18.65906 18.862 19.04137 19.16502 19.14517 19.13666 19.15454 19.16763 19.17142 19.07383 18.91028 18.75241 18.71182 18.74869 18.82621 18.84376 18.88118 18.95194 18.97161 18.95421 18.8204 18.63111 18.46006 18.31879 18.15982 17.95261 17.66106 17.4301 17.4132 17.65585 18.00713 18.14764 18.225 18.30881 18.55746 18.78261 18.88425 18.90597 18.90117 18.88802 18.86472
18.29415 18.21438 18.0628 18.07873 18.08806 18.12998 18.21296 18.31881 18.41181 18.48843 18.57956 18.48162 18.33305 17.96787 17.66355 17.6067 17.70743 17.76475 17.99993 18.21625 18.04828 17.91605 18.05786 18.20883 18.2845 18.5063 18.74189 18.90869 19.03906 19.12345 19.1545 19.16918 19.2153 19.24918 19.17826 19.00274 18.85523 18.78107 18.73375 18.80589 18.9076 18.92731 18.94869 18.99711 18.98948 18.96298 18.86769 18.7226 18.54 18.34116 18.18132 17.99252 17.73209 17.54496 17.50431 17.6038 17.85265 18.0376 18.13963 18.40515 18.6622 18.80559 18.86968 18.90292 18.89987 18.89142 18.83659
18.38877 18.21581 18.03745 18.08962 18.18058 18.05049 18.04493 18.19311 18.35525 18.4313 18.39616 18.22916 18.03569 17.69002 17.3816 17.37888 17.56173 17.77649 17.94019 18.01554 17.85085 17.69699 17.88624 18.09075 18.23454 18.51596 18.79885 18.95817 19.05186 19.09746 19.12628 19.17136 19.23836 19.29232 19.18156 19.02477 18.91676 18.86693 18.84885 18.91392 19.00791 19.03629 19.04129 19.02222 18.95393 18.92133 18.83445 18.64218 18.42984 18.27121 18.17063 17.98881 17.80792 17.63612 17.52792 17.6293 17.77505 17.98121 18.24802 18.53756 18.75275 18.82691 18.84835 18.86646 18.86767 18.82275 18.7479
18.44294 18.19293 18.03411 18.06927 18.04776 17.98109 17.98404 18.13752 18.30353 18.4146 18.23683 17.98848 17.77373 17.52846 17.31517 17.4146 17.68397 17.94788 18.01692 17.94164 17.69828 17.6416 17.77204 17.99491 18.18986 18.4839 18.77852 18.98963 19.04989 19.08689 19.10044 19.1978 19.28104 19.3006 19.21113 19.09934 19.02535 18.989 18.99537 19.04884 19.09937 19.1166 19.08909 19.01882 18.82589 18.65178 18.53798 18.41627 18.22136 18.10655 18.09968 17.88722 17.69075 17.58202 17.54145 17.60423 17.8088 18.11855 18.43605 18.6757 18.79574 18.85192 18.84223 18.78927 18.72639 18.65112 18.57877
18.25059 18.05992 18.03235 18.0449 18.02902 18.02432 18.02586 18.1594 18.30278 18.30214 18.22697 18.10484 17.82421 17.39204 17.19328 17.39442 17.8325 18.17715 18.05238 17.87756 17.66257 17.61256 17.70432 17.96939 18.26098 18.53724 18.7689 18.96928 19.01076 19.0566 19.13164 19.25144 19.32352 19.32832 19.25415 19.16613 19.11364 19.10076 19.13098 19.17696 19.20939 19.12921 19.0652 18.90642 18.57875 18.2548 18.14907 18.13643 18.03464 18.0228 17.99152 17.77769 17.5414 17.49315 17.60295 17.84022 18.11337 18.3489 18.56568 18.74894 18.83515 18.8608 18.86349 18.74378 18.56488 18.43938 18.39414
18.02814 17.89043 17.9098 17.98099 18.09204 18.12613 18.13525 18.21451 18.33117 18.29833 18.27436 18.2701 17.86808 17.4136 17.19472 17.43467 17.92082 18.33007 18.07814 17.83486 17.72029 17.67462 17.69611 17.9848 18.33213 18.62053 18.79485 18.88321 18.99705 19.05887 19.19618 19.31952 19.35172 19.36297 19.29049 19.20502 19.17489 19.19127 19.22876 19.20744 19.14321 19.06065 18.88108 18.60423 18.28373 18.00619 17.9034 17.94621 17.9678 17.96925 17.84085 17.61436 17.41467 17.40826 17.64926 18.05101 18.42115 18.57272 18.65655 18.75488 18.81589 18.83224 18.85589 18.71424 18.47549 18.28317 18.29593
17.91005 17.68411 17.67876 17.78733 17.95883 18.12542 18.23963 18.33022 18.39318 18.37282 18.32441 18.17982 17.89973 17.63089 17.52992 17.69932 18.04211 18.39897 18.11668 17.9249 17.82712 17.77174 17.81201 18.01596 18.29025 18.57631 18.8108 18.87704 19.01667 19.13271 19.23957 19.32755 19.37301 19.36189 19.30211 19.2363 19.24517 19.2513 19.21077 19.17454 19.11774 19.043 18.75678 18.36685 18.0372 18.01647 18.00532 18.00877 18.02092 17.87479 17.64655 17.47081 17.41573 17.34908 17.60521 18.04018 18.43298 18.67621 18.74815 18.76638 18.78275 18.78973 18.80535 18.66061 18.40969 18.2199 18.27863
17.81274 17.63628 17.51187 17.61019 17.84656 18.17445 18.37539 18.44052 18.46475 18.47607 18.333 18.12068 17.99663 17.88671 17.812 18.00838 18.23063 18.31194 18.18933 18.01928 17.88434 17.88559 17.91451 18.00861 18.25105 18.58117 18.84892 18.89505 19.02692 19.19423 19.29048 19.35277 19.38499 19.3599 19.30316 19.28349 19.30184 19.32421 19.24895 19.16174 19.13221 19.0472 18.76178 18.45163 18.29815 18.21884 18.11174 17.93698 17.7583 17.63347 17.50847 17.56704 17.5009 17.44834 17.51422 17.8386 18.22836 18.56977 18.75896 18.75426 18.74221 18.74634 18.72209 18.61666 18.38474 18.21131 18.38629
17.71498 17.73068 17.66481 17.59806 17.9233 18.29418 18.52059 18.52399 18.55108 18.52095 18.38428 18.26497 18.13916 17.93683 17.86353 17.95739 18.15307 18.2627 18.21811 18.06885 17.94363 18.00394 18.06652 18.1454 18.30776 18.60751 18.88535 18.94339 19.07677 19.24048 19.36203 19.39301 19.41309 19.37555 19.32447 19.33488 19.36023 19.36204 19.28229 19.19458 19.12627 19.06763 18.8852 18.68121 18.50151 18.31162 18.06455 17.79767 17.57292 17.46608 17.49102 17.58178 17.68405 17.62382 17.57446 17.72711 18.08868 18.44584 18.65619 18.71698 18.70505 18.65742 18.62375 18.5897 18.44376 18.42883 18.53426
