hasmhhl_jxtem.txt
ncols         484
nrows         614
xllcorner     -221500
yllcorner     -316500
cellsize      1000
NODATA_value  -9999
[rows 330 to 359 of 614, columns 134 to 200 of 484]
19.22556 19.04071 18.86434 18.76463 18.76495 18.81335 18.94395 19.10099 19.14259 19.16757 19.19481 19.19419 19.18841 19.16833 19.0983 18.99324 18.83878 18.64308 18.47506 18.56152 18.76963 18.92877 18.97754 19.13859 19.00349 18.96064 18.99632 19.0535 19.05054 19.03777 19.01255 19.02834 19.04444 19.07082 19.00689 18.85551 18.70436 18.61552 18.67007 18.74064 18.80832 18.87069 18.91908 18.96269 18.97079 18.93133 18.89936 18.88354 18.8205 18.7226 18.76993 18.7531 18.67166 18.56359 18.4959 18.37967 18.24476 18.42362 18.65927 18.86423 18.95828 18.95829 18.96146 18.95696 18.95771 18.97383 18.94617
19.15907 18.9652 18.81572 18.71465 18.69985 18.75661 18.94344 19.12602 19.16995 19.20324 19.22866 19.19899 19.17361 19.16177 19.13941 19.13187 19.10163 18.9549 18.7465 18.6062 18.72996 18.86627 18.9411 18.99732 19.0363 19.04368 19.05696 19.10251 19.10374 19.0798 19.0432 19.03676 19.06037 19.07659 19.07363 18.99117 18.86509 18.7392 18.6606 18.69453 18.74354 18.7626 18.79359 18.84688 18.90754 18.91839 18.94171 18.92352 18.85539 18.80419 18.80439 18.79614 18.73053 18.63905 18.54963 18.44922 18.3562 18.48912 18.66262 18.83355 18.93465 18.9439 18.9574 18.96764 18.97094 18.98001 18.98022
19.18338 18.98846 18.78154 18.65717 18.61794 18.6676 18.89004 19.11431 19.2152 19.25736 19.27122 19.22397 19.17763 19.17052 19.18244 19.16666 19.10078 19.00676 18.87491 18.75378 18.69667 18.80167 18.8677 18.93194 19.02093 19.09114 19.12438 19.1417 19.14592 19.11938 19.08039 19.05555 19.05514 19.07351 19.09822 19.06791 18.99524 18.89142 18.79898 18.78599 18.78406 18.76018 18.74234 18.74006 18.77267 18.84159 18.93934 18.97424 18.89992 18.86149 18.84493 18.81097 18.79353 18.74248 18.65116 18.56525 18.52452 18.59425 18.68112 18.80622 18.90445 18.9032 18.91397 18.95414 18.98969 18.9882 18.97472
19.32839 19.16908 18.92954 18.71271 18.59901 18.65035 18.86168 19.12172 19.28183 19.3096 19.30636 19.24857 19.19023 19.21097 19.2433 19.17083 19.01664 18.87508 18.80146 18.76346 18.78085 18.81801 18.86733 18.90682 18.992 19.09307 19.15698 19.17477 19.17824 19.14366 19.09894 19.07336 19.05853 19.05623 19.07084 19.07785 19.05322 19.01726 18.96614 18.92388 18.88026 18.82518 18.78354 18.7286 18.65202 18.77915 18.91751 19.05575 18.92707 18.88515 18.86724 18.80472 18.73612 18.703 18.71325 18.63943 18.70194 18.64848 18.72871 18.8151 18.86205 18.8548 18.81641 18.82014 18.85484 18.90088 18.94465
19.47184 19.38171 19.15922 18.93787 18.84038 18.83459 18.95774 19.17881 19.3429 19.34415 19.32204 19.27545 19.24807 19.25388 19.27844 19.19858 18.97723 18.75646 18.72356 18.78025 18.82994 18.87054 18.91269 18.94629 19.01096 19.10514 19.17864 19.19504 19.19546 19.1638 19.11939 19.07259 19.05136 19.03691 19.03963 19.04527 19.03754 19.05486 19.05232 19.013 18.96649 18.9275 18.87738 18.79716 18.75 18.78656 18.9047 18.99534 18.9684 18.92276 18.89041 18.81953 18.72447 18.70887 18.73676 18.68334 18.71036 18.69012 18.78657 18.86956 18.83381 18.83856 18.71195 18.59967 18.59698 18.71662 18.86566
19.47511 19.51697 19.38142 19.24926 19.18479 19.15958 19.19089 19.28516 19.38053 19.3609 19.33397 19.32672 19.31624 19.30063 19.29622 19.21879 18.99304 18.75881 18.71081 18.73486 18.84235 18.86784 18.92768 19.02649 19.0719 19.13671 19.1982 19.2133 19.2103 19.18517 19.15474 19.10925 19.06273 19.04078 19.02971 19.03296 19.02603 19.04849 19.06921 19.04109 19.00408 18.97396 18.95383 18.92183 18.88115 18.8548 18.89543 18.95755 18.98954 18.96037 18.9183 18.84992 18.75863 18.71846 18.755 18.67976 18.70698 18.69044 18.79772 18.8905 18.87923 18.81355 18.60907 18.40639 18.35848 18.53285 18.7287
19.48795 19.51079 19.5068 19.48409 19.46546 19.44068 19.41941 19.4094 19.39536 19.36827 19.35551 19.36534 19.37803 19.35536 19.31603 19.23503 19.07024 18.86119 18.71703 18.75162 18.8577 18.83352 18.86056 18.94011 19.0425 19.13202 19.21473 19.24488 19.25168 19.22862 19.20275 19.17824 19.12238 19.06663 19.04562 19.04222 19.02998 19.04512 19.07318 19.06887 19.04899 19.02614 19.02626 19.0275 18.98923 18.93808 18.93016 18.9714 19.00798 18.98607 18.9319 18.86805 18.81589 18.78796 18.77188 18.66852 18.66225 18.66872 18.76938 18.81972 18.79946 18.70351 18.48864 18.30021 18.33001 18.42193 18.58668
19.49089 19.49297 19.47525 19.55757 19.57054 19.55181 19.52214 19.47872 19.41652 19.3619 19.38189 19.39735 19.39897 19.38525 19.33869 19.26809 19.16534 19.0055 18.87322 18.87815 18.98731 18.94923 18.85914 18.90564 19.01739 19.13607 19.23748 19.28369 19.29799 19.27891 19.25686 19.23953 19.17809 19.11846 19.0865 19.07959 19.09174 19.09135 19.09187 19.10202 19.09701 19.09037 19.099 19.09213 19.05043 19.00189 18.9926 19.00908 19.01525 18.96317 18.91238 18.87188 18.86518 18.83998 18.79073 18.69833 18.65299 18.6487 18.69823 18.71557 18.68049 18.5689 18.4037 18.3392 18.38457 18.4606 18.51035
19.50384 19.50697 19.50911 19.49249 19.50197 19.51385 19.53548 19.50525 19.4494 19.41157 19.4069 19.40019 19.37801 19.34267 19.33063 19.31632 19.23695 19.08414 19.00821 19.02422 19.10937 19.09594 19.03216 19.00257 19.06933 19.17956 19.26263 19.30817 19.3304 19.32139 19.28851 19.24663 19.21686 19.18454 19.15213 19.14249 19.16102 19.1554 19.13262 19.12729 19.12942 19.13218 19.13783 19.11922 19.08121 19.04635 19.0472 19.04531 19.01495 18.93744 18.8835 18.87337 18.86473 18.84175 18.7997 18.74617 18.68624 18.62418 18.65566 18.67862 18.61241 18.50493 18.45312 18.44846 18.46902 18.51464 18.50936
19.51696 19.51986 19.49713 19.4672 19.46268 19.47248 19.4935 19.50754 19.47931 19.4538 19.42045 19.41569 19.34271 19.25343 19.18155 19.10298 19.01787 18.97145 18.97994 19.05148 19.14614 19.22553 19.23699 19.19759 19.20202 19.25999 19.30536 19.32869 19.34022 19.30284 19.26002 19.23227 19.22978 19.22215 19.21148 19.19018 19.17971 19.17909 19.1611 19.14503 19.15595 19.15848 19.14798 19.12581 19.09853 19.07635 19.08038 19.08164 19.01995 18.93151 18.86709 18.8732 18.87115 18.85332 18.81768 18.77183 18.71351 18.6978 18.72437 18.7259 18.68622 18.64437 18.60975 18.58305 18.55034 18.51799 18.47015
19.50639 19.47926 19.45984 19.45014 19.43151 19.4279 19.45983 19.49074 19.48136 19.45454 19.43003 19.40147 19.31245 19.16442 18.96347 18.78577 18.69028 18.68705 18.71507 18.80585 18.9869 19.20348 19.27318 19.32236 19.3173 19.32633 19.34213 19.33852 19.33358 19.28068 19.22833 19.19617 19.21023 19.2214 19.21276 19.17438 19.15717 19.18217 19.18887 19.18895 19.19123 19.1816 19.15754 19.12891 19.1059 19.10923 19.10872 19.09458 19.03008 18.94423 18.88424 18.8867 18.90142 18.89553 18.86396 18.80729 18.75837 18.77402 18.79814 18.80935 18.79113 18.75524 18.71841 18.67002 18.6128 18.51252 18.38875
19.47164 19.42303 19.4073 19.41875 19.4023 19.39177 19.42747 19.4686 19.47521 19.45235 19.41699 19.38323 19.29656 19.10636 18.79551 18.49131 18.38207 18.38646 18.4204 18.5692 18.86359 19.08927 19.19127 19.26059 19.33521 19.34826 19.34764 19.33937 19.30597 19.25372 19.20774 19.1807 19.15219 19.16015 19.17571 19.14047 19.10889 19.16164 19.21238 19.21605 19.2109 19.18953 19.16249 19.14307 19.13625 19.13584 19.13109 19.08867 19.02481 18.95835 18.93136 18.9332 18.95203 18.94069 18.91192 18.85825 18.82425 18.81796 18.82561 18.8205 18.77217 18.73223 18.70419 18.68388 18.64272 18.50844 18.31669
19.44308 19.39075 19.37577 19.383 19.38092 19.36893 19.40487 19.4505 19.47904 19.46068 19.42397 19.38196 19.29067 19.07652 18.73375 18.37787 18.2137 18.24631 18.35436 18.56041 18.79871 18.90664 19.02374 19.19964 19.33607 19.33372 19.32869 19.31287 19.26915 19.21655 19.17055 19.12599 19.08982 19.10014 19.13073 19.115 19.07636 19.12929 19.19329 19.21297 19.2186 19.19271 19.17065 19.17225 19.16886 19.14425 19.11464 19.07316 19.02476 18.97801 18.9866 18.99048 18.99212 18.96421 18.92836 18.89789 18.85908 18.83516 18.83306 18.80725 18.75516 18.70345 18.66634 18.64704 18.63022 18.48812 18.27337
19.42717 19.39475 19.38262 19.37298 19.37456 19.37171 19.39285 19.42699 19.45725 19.46925 19.44788 19.40507 19.31055 19.07876 18.7653 18.44752 18.22395 18.21232 18.34065 18.56537 18.70919 18.75275 18.93474 19.17231 19.32851 19.30371 19.30609 19.28085 19.22814 19.16172 19.10026 19.04969 19.03736 19.06881 19.10238 19.09356 19.07448 19.0912 19.16869 19.23276 19.22076 19.20742 19.2016 19.20408 19.18119 19.13702 19.08937 19.05895 19.03966 19.0241 19.02527 19.00361 18.97665 18.92187 18.87559 18.85106 18.84656 18.84402 18.84075 18.79958 18.77329 18.7368 18.66591 18.59872 18.59474 18.45617 18.27074
19.44459 19.42776 19.41403 19.4017 19.39135 19.38653 19.38469 19.4006 19.43073 19.46177 19.47328 19.43477 19.33811 19.13006 18.84165 18.53996 18.28274 18.26817 18.37383 18.50856 18.61071 18.74163 18.96386 19.19208 19.31956 19.29946 19.29371 19.25819 19.1915 19.09506 19.02338 18.99538 18.98152 19.02568 19.08054 19.08417 19.09039 19.08897 19.15245 19.21739 19.21194 19.23242 19.2387 19.23811 19.18998 19.1238 19.07191 19.06208 19.06029 19.05514 19.02207 18.94673 18.89884 18.8607 18.82292 18.79306 18.83121 18.86938 18.84995 18.83267 18.81838 18.79314 18.71681 18.65161 18.60415 18.47788 18.33951
19.48608 19.47419 19.44307 19.41623 19.41371 19.40347 19.39347 19.38135 19.41483 19.45916 19.48632 19.44379 19.36061 19.21989 18.92924 18.57236 18.29047 18.39162 18.4682 18.51293 18.56758 18.79148 19.05055 19.23856 19.31311 19.31607 19.28989 19.23839 19.16022 19.04768 18.94868 18.93245 18.95043 18.98217 19.04858 19.09722 19.10275 19.11559 19.13923 19.18526 19.22089 19.23786 19.25951 19.26466 19.20907 19.12836 19.07485 19.07003 19.07495 19.06604 19.00402 18.91106 18.80883 18.83175 18.79925 18.79026 18.82642 18.88928 18.91373 18.85278 18.83338 18.78019 18.7054 18.70471 18.61367 18.47061 18.35436
19.51882 19.51588 19.4705 19.42608 19.42986 19.41689 19.40145 19.40369 19.4285 19.45391 19.46239 19.43922 19.38268 19.29477 19.02271 18.64583 18.39079 18.50971 18.59941 18.56988 18.63106 18.87439 19.13359 19.26177 19.3029 19.32098 19.28382 19.2071 19.11825 19.03216 18.93486 18.81606 18.92325 18.97589 19.03723 19.09584 19.12781 19.14669 19.15531 19.17457 19.21273 19.23753 19.24612 19.25853 19.22773 19.16164 19.10491 19.08038 19.0708 19.04278 18.99831 18.95536 18.91362 18.85237 18.8511 18.86526 18.86585 18.82583 18.81816 18.84157 18.82104 18.73483 18.711 18.69626 18.56873 18.44321 18.33167
19.53235 19.52908 19.4982 19.44915 19.43214 19.42539 19.42106 19.43518 19.44937 19.44917 19.43614 19.41765 19.36787 19.2931 19.12444 18.85846 18.7066 18.71846 18.75511 18.6912 18.76899 18.98859 19.19849 19.25489 19.28792 19.31212 19.25782 19.174 19.08639 19.02544 18.98484 18.96037 18.96597 18.99022 19.03176 19.08981 19.13674 19.16396 19.17984 19.19135 19.2205 19.23039 19.23067 19.22797 19.21388 19.18403 19.1339 19.103 19.07851 19.04232 19.03675 19.00855 18.97161 18.93977 18.93719 18.94111 18.90895 18.81726 18.68346 18.71451 18.75261 18.71897 18.64388 18.53489 18.43812 18.37539 18.31893
19.53477 19.52883 19.51196 19.48015 19.44956 19.44144 19.4371 19.44987 19.45477 19.4529 19.41705 19.37428 19.32917 19.28387 19.22111 19.11733 19.048 18.99083 18.92021 18.85333 18.9656 19.11915 19.2312 19.25318 19.2797 19.28882 19.23223 19.15482 19.09442 19.05275 19.05122 19.03904 19.01183 19.00696 19.02 19.06814 19.12098 19.16384 19.19379 19.19347 19.2194 19.22107 19.22893 19.19253 19.17059 19.12185 19.13897 19.115 19.08944 19.07352 19.03482 18.96553 18.94792 18.98283 19.01842 18.99908 18.94353 18.84135 18.69324 18.62454 18.63939 18.64949 18.44349 18.26308 18.19019 18.23851 18.26772
19.53609 19.52676 19.51006 19.4864 19.45361 19.44497 19.43656 19.4322 19.44163 19.44808 19.41796 19.35204 19.31558 19.30462 19.28819 19.27676 19.2708 19.20343 19.08846 19.06113 19.15191 19.24076 19.238 19.25708 19.27565 19.27209 19.22376 19.14638 19.09208 19.07688 19.09155 19.07091 19.03275 19.00981 19.00597 19.03936 19.09349 19.1461 19.17945 19.16892 19.19647 19.22552 19.23543 19.18137 19.15233 19.15071 19.13631 19.11165 19.10022 19.08737 19.01007 18.93218 18.93288 18.99668 19.0546 19.0435 18.98054 18.87807 18.73955 18.60431 18.54493 18.50222 18.2217 17.94905 17.918 17.9899 18.04645
19.542 19.52494 19.49164 19.46734 19.44968 19.43026 19.42558 19.40996 19.41389 19.42525 19.4203 19.38871 19.36218 19.35645 19.34512 19.34696 19.35598 19.31747 19.25035 19.24684 19.28122 19.27902 19.25348 19.25578 19.26176 19.25163 19.2069 19.10316 19.01156 19.01764 19.06896 19.07025 19.02285 18.98775 18.98214 19.02177 19.07499 19.12502 19.16166 19.14825 19.16555 19.20528 19.22274 19.20852 19.15263 19.11296 19.05324 19.02464 19.03463 19.03902 18.99159 18.95694 18.94993 18.99755 19.03964 19.02087 18.91442 18.80283 18.72639 18.62876 18.54148 18.3833 18.08917 17.78092 17.66271 17.7047 17.8242
19.5535 19.52508 19.47347 19.43194 19.42192 19.41842 19.4165 19.39652 19.3853 19.40416 19.43143 19.43288 19.42261 19.40995 19.40232 19.40129 19.39678 19.37448 19.36004 19.35401 19.31979 19.28006 19.26498 19.24509 19.24187 19.2219 19.16265 19.04847 18.93001 18.91104 18.97881 19.03639 18.99215 18.95967 18.97042 19.02109 19.07686 19.12001 19.1418 19.12765 19.12039 19.16733 19.23528 19.2466 19.19084 19.10473 18.99723 18.92624 18.95451 18.98922 18.99291 18.98033 18.97102 18.98478 19.00147 18.92554 18.74879 18.60112 18.51666 18.46871 18.41933 18.30459 18.10127 17.8187 17.5752 17.53801 17.65579
19.5604 19.52808 19.46722 19.41186 19.39933 19.40203 19.40406 19.3902 19.38698 19.39072 19.41814 19.44089 19.45448 19.45138 19.44918 19.44667 19.43178 19.40768 19.39917 19.38605 19.3297 19.28313 19.27554 19.25877 19.22649 19.19474 19.12525 19.00766 18.86356 18.78117 18.84422 18.946 18.95678 18.9422 18.94629 18.998 19.0631 19.11967 19.1339 19.11406 19.10577 19.13207 19.19608 19.22691 19.2152 19.13491 19.01074 18.91772 18.91759 18.94831 18.96332 18.97438 18.95541 18.95944 18.95685 18.82556 18.53765 18.30541 18.21129 18.23764 18.31484 18.26295 18.18137 18.00445 17.78097 17.63629 17.62308
19.56848 19.52731 19.47188 19.42156 19.38934 19.39038 19.3923 19.38582 19.38188 19.37944 19.40124 19.43405 19.46375 19.4727 19.47785 19.47585 19.46149 19.44076 19.42009 19.37841 19.32521 19.30407 19.29654 19.28185 19.23553 19.17626 19.11172 18.97407 18.7879 18.65159 18.70175 18.83264 18.90181 18.89757 18.90114 18.94017 19.02098 19.09078 19.10983 19.11329 19.13034 19.14444 19.1466 19.17375 19.1725 19.15287 19.06383 18.98223 18.94394 18.93926 18.94204 18.94849 18.92064 18.92171 18.95034 18.77178 18.3882 18.05958 18.00879 18.1236 18.25064 18.28057 18.31058 18.24846 18.00993 17.71822 17.63202
19.57123 19.52404 19.47846 19.4345 19.39888 19.38807 19.39126 19.39059 19.3876 19.38135 19.39252 19.42316 19.44895 19.46651 19.4775 19.47886 19.47218 19.47145 19.43855 19.37973 19.33178 19.3284 19.31696 19.29656 19.25419 19.17628 19.07092 18.91876 18.73545 18.60396 18.60435 18.69942 18.77959 18.78773 18.80275 18.86713 18.97982 19.0694 19.09581 19.10487 19.13665 19.18699 19.14819 19.1325 19.14416 19.14769 19.11621 19.08881 19.03197 18.9801 18.97593 18.97846 18.91742 18.8743 18.99957 18.75164 18.38445 18.06216 18.00879 18.1572 18.31614 18.39688 18.40232 18.32958 18.05256 17.79828 17.7219
19.56766 19.51927 19.48487 19.45235 19.42595 19.41116 19.40705 19.41006 19.40706 19.40568 19.42034 19.43036 19.42997 19.44473 19.45165 19.45373 19.46644 19.49021 19.4518 19.40002 19.36231 19.34601 19.32154 19.28887 19.26116 19.18093 19.04176 18.88222 18.73534 18.63468 18.60155 18.62348 18.63645 18.64535 18.65976 18.77838 18.9537 19.07997 19.10451 19.12102 19.11106 19.12745 19.10719 19.09911 19.12152 19.13878 19.15226 19.15754 19.10971 19.06016 19.04174 19.02454 18.96196 18.91828 18.91606 18.79381 18.51863 18.29395 18.18631 18.273 18.43717 18.50133 18.39452 18.13719 17.88594 17.80078 17.8058
19.56741 19.52724 19.50004 19.48284 19.46406 19.44679 19.43708 19.43608 19.43694 19.44415 19.45516 19.45113 19.43867 19.43253 19.42342 19.42112 19.44436 19.47069 19.4662 19.43489 19.39594 19.36101 19.32345 19.27811 19.25105 19.17683 19.05449 18.92294 18.81562 18.75939 18.72867 18.68516 18.56397 18.49133 18.51146 18.67896 18.88326 19.04936 19.11601 19.12586 19.11148 19.07878 19.05641 19.08748 19.10848 19.11239 19.10346 19.11914 19.1306 19.1193 19.09444 19.04661 18.99232 18.95568 18.91169 18.81893 18.67962 18.55931 18.43536 18.44633 18.53885 18.55844 18.32207 17.94907 17.80517 17.90655 18.03389
19.57226 19.54823 19.52817 19.51438 19.4984 19.48318 19.47168 19.46368 19.46339 19.47028 19.47297 19.4664 19.44988 19.43182 19.41671 19.40863 19.42467 19.45511 19.47819 19.46714 19.43297 19.38922 19.33575 19.27536 19.22053 19.15903 19.08984 19.00806 18.94093 18.89423 18.85701 18.74601 18.55501 18.39997 18.46071 18.58883 18.76777 18.9435 19.0409 19.0542 19.04126 19.03347 19.04391 19.09085 19.10697 19.13059 19.08376 19.09752 19.11902 19.12748 19.10101 19.05525 19.00193 18.92292 18.94139 18.85016 18.76737 18.69368 18.5906 18.60196 18.64846 18.55986 18.28927 17.96194 17.86006 18.07365 18.26717
19.57518 19.56726 19.55118 19.53228 19.51319 19.50853 19.50071 19.48953 19.47557 19.46934 19.47085 19.47768 19.46426 19.44682 19.4292 19.41832 19.41816 19.42826 19.45709 19.50888 19.45923 19.41426 19.32813 19.24297 19.18049 19.13327 19.07793 19.05536 18.99927 18.93212 18.87343 18.76677 18.63028 18.53857 18.48348 18.53976 18.67366 18.82118 18.89488 18.92583 18.94948 18.97108 19.00014 19.07756 19.13434 19.14306 19.13031 19.11685 19.0982 19.07982 19.04107 18.99311 18.95256 18.95092 18.94733 18.91203 18.87961 18.81812 18.76905 18.76817 18.79441 18.61216 18.39 18.2019 18.0729 18.18231 18.38995
19.56909 19.56611 19.54629 19.52849 19.5167 19.51791 19.51391 19.48924 19.46476 19.45267 19.46095 19.47616 19.47709 19.46884 19.45001 19.4339 19.41917 19.40385 19.41438 19.43658 19.44589 19.398 19.29699 19.18962 19.13369 19.09449 19.05646 18.97967 18.90598 18.84159 18.86596 18.80849 18.74724 18.68008 18.58943 18.57694 18.66019 18.75376 18.75306 18.79111 18.83464 18.8669 18.94924 19.07164 19.15348 19.18605 19.15832 19.13367 19.0922 19.07369 19.00877 18.94072 18.92391 18.95711 18.98564 18.96166 18.98034 18.94166 18.93456 18.90531 18.8537 18.70326 18.55719 18.4488 18.33146 18.30847 18.31303
